1;['-infity', -2.0];0;0.0228;2.28;-2.28;2.28
2;[-2.0, -1.99];0;0.0004;0.04;-0.04;0.04
3;[-1.99, -1.98];0;0.0004;0.04;-0.04;0.04
4;[-1.98, -1.98];1;0.0005;0.05;0.95;20.25
5;[-1.98, -1.97];0;0.0005;0.05;-0.05;0.05
6;[-1.97, -1.96];1;0.0005;0.05;0.95;19.56
7;[-1.96, -1.95];0;0.0005;0.05;-0.05;0.05
8;[-1.95, -1.94];0;0.0005;0.05;-0.05;0.05
9;[-1.94, -1.94];0;0.0005;0.05;-0.05;0.05
10;[-1.94, -1.93];0;0.0005;0.05;-0.05;0.05
11;[-1.93, -1.92];0;0.0005;0.05;-0.05;0.05
12;[-1.92, -1.91];0;0.0005;0.05;-0.05;0.05
13;[-1.91, -1.9];0;0.0005;0.05;-0.05;0.05
14;[-1.9, -1.9];1;0.0005;0.05;0.95;17.06
15;[-1.9, -1.89];0;0.0005;0.05;-0.05;0.05
16;[-1.89, -1.88];1;0.0005;0.05;0.95;16.49
17;[-1.88, -1.87];0;0.0006;0.06;-0.06;0.06
18;[-1.87, -1.86];0;0.0006;0.06;-0.06;0.06
19;[-1.86, -1.86];0;0.0006;0.06;-0.06;0.06
20;[-1.86, -1.85];0;0.0006;0.06;-0.06;0.06
21;[-1.85, -1.84];0;0.0006;0.06;-0.06;0.06
22;[-1.84, -1.83];0;0.0006;0.06;-0.06;0.06
23;[-1.83, -1.82];0;0.0006;0.06;-0.06;0.06
24;[-1.82, -1.82];1;0.0006;0.06;0.94;14.43
25;[-1.82, -1.81];0;0.0006;0.06;-0.06;0.06
26;[-1.81, -1.8];1;0.0006;0.06;0.94;13.97
27;[-1.8, -1.79];0;0.0006;0.06;-0.06;0.06
28;[-1.79, -1.78];0;0.0006;0.06;-0.06;0.06
29;[-1.78, -1.78];0;0.0007;0.07;-0.07;0.07
30;[-1.78, -1.77];0;0.0007;0.07;-0.07;0.07
31;[-1.77, -1.76];0;0.0007;0.07;-0.07;0.07
32;[-1.76, -1.75];1;0.0007;0.07;0.93;12.67
33;[-1.75, -1.74];0;0.0007;0.07;-0.07;0.07
34;[-1.74, -1.74];0;0.0007;0.07;-0.07;0.07
35;[-1.74, -1.73];0;0.0007;0.07;-0.07;0.07
36;[-1.73, -1.72];0;0.0007;0.07;-0.07;0.07
37;[-1.72, -1.71];0;0.0007;0.07;-0.07;0.07
38;[-1.71, -1.7];0;0.0007;0.07;-0.07;0.07
39;[-1.7, -1.7];0;0.0008;0.08;-0.08;0.08
40;[-1.7, -1.69];0;0.0008;0.08;-0.08;0.08
41;[-1.69, -1.68];0;0.0008;0.08;-0.08;0.08
42;[-1.68, -1.67];0;0.0008;0.08;-0.08;0.08
43;[-1.67, -1.66];0;0.0008;0.08;-0.08;0.08
44;[-1.66, -1.66];0;0.0008;0.08;-0.08;0.08
45;[-1.66, -1.65];0;0.0008;0.08;-0.08;0.08
46;[-1.65, -1.64];0;0.0008;0.08;-0.08;0.08
47;[-1.64, -1.63];0;0.0008;0.08;-0.08;0.08
48;[-1.63, -1.62];0;0.0009;0.09;-0.09;0.09
49;[-1.62, -1.62];1;0.0009;0.09;0.91;9.69
50;[-1.62, -1.61];1;0.0009;0.09;0.91;9.54
51;[-1.61, -1.6];0;0.0009;0.09;-0.09;0.09
52;[-1.6, -1.59];0;0.0009;0.09;-0.09;0.09
53;[-1.59, -1.58];0;0.0009;0.09;-0.09;0.09
54;[-1.58, -1.58];0;0.0009;0.09;-0.09;0.09
55;[-1.58, -1.57];0;0.0009;0.09;-0.09;0.09
56;[-1.57, -1.56];0;0.0009;0.09;-0.09;0.09
57;[-1.56, -1.55];0;0.001;0.1;-0.1;0.1
58;[-1.55, -1.54];0;0.001;0.1;-0.1;0.1
59;[-1.54, -1.54];0;0.001;0.1;-0.1;0.1
60;[-1.54, -1.53];0;0.001;0.1;-0.1;0.1
61;[-1.53, -1.52];0;0.001;0.1;-0.1;0.1
62;[-1.52, -1.51];0;0.001;0.1;-0.1;0.1
63;[-1.51, -1.5];1;0.001;0.1;0.9;7.84
64;[-1.5, -1.49];0;0.001;0.1;-0.1;0.1
65;[-1.49, -1.49];0;0.0011;0.11;-0.11;0.11
66;[-1.49, -1.48];0;0.0011;0.11;-0.11;0.11
67;[-1.48, -1.47];0;0.0011;0.11;-0.11;0.11
68;[-1.47, -1.46];1;0.0011;0.11;0.89;7.28
69;[-1.46, -1.45];0;0.0011;0.11;-0.11;0.11
70;[-1.45, -1.45];0;0.0011;0.11;-0.11;0.11
71;[-1.45, -1.44];0;0.0011;0.11;-0.11;0.11
72;[-1.44, -1.43];0;0.0011;0.11;-0.11;0.11
73;[-1.43, -1.42];0;0.0012;0.12;-0.12;0.12
74;[-1.42, -1.41];0;0.0012;0.12;-0.12;0.12
75;[-1.41, -1.41];0;0.0012;0.12;-0.12;0.12
76;[-1.41, -1.4];0;0.0012;0.12;-0.12;0.12
77;[-1.4, -1.39];0;0.0012;0.12;-0.12;0.12
78;[-1.39, -1.38];0;0.0012;0.12;-0.12;0.12
79;[-1.38, -1.37];0;0.0012;0.12;-0.12;0.12
80;[-1.37, -1.37];0;0.0012;0.12;-0.12;0.12
81;[-1.37, -1.36];0;0.0013;0.13;-0.13;0.13
82;[-1.36, -1.35];1;0.0013;0.13;0.87;5.96
83;[-1.35, -1.34];0;0.0013;0.13;-0.13;0.13
84;[-1.34, -1.33];0;0.0013;0.13;-0.13;0.13
85;[-1.33, -1.33];0;0.0013;0.13;-0.13;0.13
86;[-1.33, -1.32];0;0.0013;0.13;-0.13;0.13
87;[-1.32, -1.31];0;0.0013;0.13;-0.13;0.13
88;[-1.31, -1.3];0;0.0014;0.14;-0.14;0.14
89;[-1.3, -1.29];1;0.0014;0.14;0.86;5.4
90;[-1.29, -1.29];0;0.0014;0.14;-0.14;0.14
91;[-1.29, -1.28];0;0.0014;0.14;-0.14;0.14
92;[-1.28, -1.27];0;0.0014;0.14;-0.14;0.14
93;[-1.27, -1.26];0;0.0014;0.14;-0.14;0.14
94;[-1.26, -1.25];0;0.0014;0.14;-0.14;0.14
95;[-1.25, -1.25];0;0.0015;0.15;-0.15;0.15
96;[-1.25, -1.24];0;0.0015;0.15;-0.15;0.15
97;[-1.24, -1.23];0;0.0015;0.15;-0.15;0.15
98;[-1.23, -1.22];0;0.0015;0.15;-0.15;0.15
99;[-1.22, -1.21];0;0.0015;0.15;-0.15;0.15
100;[-1.21, -1.21];0;0.0015;0.15;-0.15;0.15
101;[-1.21, -1.2];0;0.0016;0.16;-0.16;0.16
102;[-1.2, -1.19];0;0.0016;0.16;-0.16;0.16
103;[-1.19, -1.18];0;0.0016;0.16;-0.16;0.16
104;[-1.18, -1.17];1;0.0016;0.16;0.84;4.42
105;[-1.17, -1.17];0;0.0016;0.16;-0.16;0.16
106;[-1.17, -1.16];0;0.0016;0.16;-0.16;0.16
107;[-1.16, -1.15];0;0.0016;0.16;-0.16;0.16
108;[-1.15, -1.14];0;0.0017;0.17;-0.17;0.17
109;[-1.14, -1.13];0;0.0017;0.17;-0.17;0.17
110;[-1.13, -1.13];0;0.0017;0.17;-0.17;0.17
111;[-1.13, -1.12];2;0.0017;0.17;1.83;19.65
112;[-1.12, -1.11];0;0.0017;0.17;-0.17;0.17
113;[-1.11, -1.1];0;0.0017;0.17;-0.17;0.17
114;[-1.1, -1.09];1;0.0017;0.17;0.83;3.89
115;[-1.09, -1.09];1;0.0018;0.18;0.82;3.84
116;[-1.09, -1.08];0;0.0018;0.18;-0.18;0.18
117;[-1.08, -1.07];2;0.0018;0.18;1.82;18.45
118;[-1.07, -1.06];0;0.0018;0.18;-0.18;0.18
119;[-1.06, -1.05];0;0.0018;0.18;-0.18;0.18
120;[-1.05, -1.05];0;0.0018;0.18;-0.18;0.18
121;[-1.05, -1.04];1;0.0019;0.19;0.81;3.57
122;[-1.04, -1.03];0;0.0019;0.19;-0.19;0.19
123;[-1.03, -1.02];0;0.0019;0.19;-0.19;0.19
124;[-1.02, -1.01];0;0.0019;0.19;-0.19;0.19
125;[-1.01, -1.01];0;0.0019;0.19;-0.19;0.19
126;[-1.01, -1.0];0;0.0019;0.19;-0.19;0.19
127;[-1.0, -0.99];0;0.002;0.2;-0.2;0.2
128;[-0.99, -0.98];0;0.002;0.2;-0.2;0.2
129;[-0.98, -0.97];0;0.002;0.2;-0.2;0.2
130;[-0.97, -0.97];0;0.002;0.2;-0.2;0.2
131;[-0.97, -0.96];0;0.002;0.2;-0.2;0.2
132;[-0.96, -0.95];0;0.002;0.2;-0.2;0.2
133;[-0.95, -0.94];0;0.002;0.2;-0.2;0.2
134;[-0.94, -0.93];1;0.0021;0.21;0.79;3.06
135;[-0.93, -0.93];0;0.0021;0.21;-0.21;0.21
136;[-0.93, -0.92];0;0.0021;0.21;-0.21;0.21
137;[-0.92, -0.91];0;0.0021;0.21;-0.21;0.21
138;[-0.91, -0.9];0;0.0021;0.21;-0.21;0.21
139;[-0.9, -0.89];0;0.0021;0.21;-0.21;0.21
140;[-0.89, -0.89];0;0.0022;0.22;-0.22;0.22
141;[-0.89, -0.88];0;0.0022;0.22;-0.22;0.22
142;[-0.88, -0.87];0;0.0022;0.22;-0.22;0.22
143;[-0.87, -0.86];0;0.0022;0.22;-0.22;0.22
144;[-0.86, -0.85];0;0.0022;0.22;-0.22;0.22
145;[-0.85, -0.85];0;0.0022;0.22;-0.22;0.22
146;[-0.85, -0.84];0;0.0022;0.22;-0.22;0.22
147;[-0.84, -0.83];0;0.0023;0.23;-0.23;0.23
148;[-0.83, -0.82];0;0.0023;0.23;-0.23;0.23
149;[-0.82, -0.81];0;0.0023;0.23;-0.23;0.23
150;[-0.81, -0.81];0;0.0023;0.23;-0.23;0.23
151;[-0.81, -0.8];0;0.0023;0.23;-0.23;0.23
152;[-0.8, -0.79];0;0.0023;0.23;-0.23;0.23
153;[-0.79, -0.78];0;0.0023;0.23;-0.23;0.23
154;[-0.78, -0.77];0;0.0024;0.24;-0.24;0.24
155;[-0.77, -0.77];0;0.0024;0.24;-0.24;0.24
156;[-0.77, -0.76];0;0.0024;0.24;-0.24;0.24
157;[-0.76, -0.75];0;0.0024;0.24;-0.24;0.24
158;[-0.75, -0.74];0;0.0024;0.24;-0.24;0.24
159;[-0.74, -0.73];0;0.0024;0.24;-0.24;0.24
160;[-0.73, -0.73];1;0.0025;0.25;0.75;2.33
161;[-0.73, -0.72];0;0.0025;0.25;-0.25;0.25
162;[-0.72, -0.71];0;0.0025;0.25;-0.25;0.25
163;[-0.71, -0.7];1;0.0025;0.25;0.75;2.26
164;[-0.7, -0.69];0;0.0025;0.25;-0.25;0.25
165;[-0.69, -0.69];0;0.0025;0.25;-0.25;0.25
166;[-0.69, -0.68];0;0.0025;0.25;-0.25;0.25
167;[-0.68, -0.67];1;0.0025;0.25;0.75;2.18
168;[-0.67, -0.66];0;0.0026;0.26;-0.26;0.26
169;[-0.66, -0.65];0;0.0026;0.26;-0.26;0.26
170;[-0.65, -0.65];0;0.0026;0.26;-0.26;0.26
171;[-0.65, -0.64];0;0.0026;0.26;-0.26;0.26
172;[-0.64, -0.63];1;0.0026;0.26;0.74;2.08
173;[-0.63, -0.62];0;0.0026;0.26;-0.26;0.26
174;[-0.62, -0.61];0;0.0026;0.26;-0.26;0.26
175;[-0.61, -0.61];0;0.0027;0.27;-0.27;0.27
176;[-0.61, -0.6];0;0.0027;0.27;-0.27;0.27
177;[-0.6, -0.59];0;0.0027;0.27;-0.27;0.27
178;[-0.59, -0.58];0;0.0027;0.27;-0.27;0.27
179;[-0.58, -0.57];0;0.0027;0.27;-0.27;0.27
180;[-0.57, -0.57];0;0.0027;0.27;-0.27;0.27
181;[-0.57, -0.56];0;0.0027;0.27;-0.27;0.27
182;[-0.56, -0.55];0;0.0027;0.27;-0.27;0.27
183;[-0.55, -0.54];0;0.0028;0.28;-0.28;0.28
184;[-0.54, -0.53];1;0.0028;0.28;0.72;1.89
185;[-0.53, -0.53];0;0.0028;0.28;-0.28;0.28
186;[-0.53, -0.52];1;0.0028;0.28;0.72;1.86
187;[-0.52, -0.51];0;0.0028;0.28;-0.28;0.28
188;[-0.51, -0.5];0;0.0028;0.28;-0.28;0.28
189;[-0.5, -0.49];0;0.0028;0.28;-0.28;0.28
190;[-0.49, -0.48];0;0.0028;0.28;-0.28;0.28
191;[-0.48, -0.48];0;0.0028;0.28;-0.28;0.28
192;[-0.48, -0.47];1;0.0029;0.29;0.71;1.78
193;[-0.47, -0.46];0;0.0029;0.29;-0.29;0.29
194;[-0.46, -0.45];0;0.0029;0.29;-0.29;0.29
195;[-0.45, -0.44];0;0.0029;0.29;-0.29;0.29
196;[-0.44, -0.44];0;0.0029;0.29;-0.29;0.29
197;[-0.44, -0.43];0;0.0029;0.29;-0.29;0.29
198;[-0.43, -0.42];0;0.0029;0.29;-0.29;0.29
199;[-0.42, -0.41];0;0.0029;0.29;-0.29;0.29
200;[-0.41, -0.4];0;0.0029;0.29;-0.29;0.29
201;[-0.4, -0.4];0;0.003;0.3;-0.3;0.3
202;[-0.4, -0.39];0;0.003;0.3;-0.3;0.3
203;[-0.39, -0.38];1;0.003;0.3;0.7;1.66
204;[-0.38, -0.37];0;0.003;0.3;-0.3;0.3
205;[-0.37, -0.36];0;0.003;0.3;-0.3;0.3
206;[-0.36, -0.36];0;0.003;0.3;-0.3;0.3
207;[-0.36, -0.35];0;0.003;0.3;-0.3;0.3
208;[-0.35, -0.34];0;0.003;0.3;-0.3;0.3
209;[-0.34, -0.33];0;0.003;0.3;-0.3;0.3
210;[-0.33, -0.32];0;0.003;0.3;-0.3;0.3
211;[-0.32, -0.32];0;0.003;0.3;-0.3;0.3
212;[-0.32, -0.31];1;0.003;0.3;0.7;1.59
213;[-0.31, -0.3];1;0.0031;0.31;0.69;1.58
214;[-0.3, -0.29];0;0.0031;0.31;-0.31;0.31
215;[-0.29, -0.28];0;0.0031;0.31;-0.31;0.31
216;[-0.28, -0.28];0;0.0031;0.31;-0.31;0.31
217;[-0.28, -0.27];0;0.0031;0.31;-0.31;0.31
218;[-0.27, -0.26];0;0.0031;0.31;-0.31;0.31
219;[-0.26, -0.25];0;0.0031;0.31;-0.31;0.31
220;[-0.25, -0.24];0;0.0031;0.31;-0.31;0.31
221;[-0.24, -0.24];0;0.0031;0.31;-0.31;0.31
222;[-0.24, -0.23];0;0.0031;0.31;-0.31;0.31
223;[-0.23, -0.22];0;0.0031;0.31;-0.31;0.31
224;[-0.22, -0.21];0;0.0031;0.31;-0.31;0.31
225;[-0.21, -0.2];1;0.0031;0.31;0.69;1.51
226;[-0.2, -0.2];0;0.0031;0.31;-0.31;0.31
227;[-0.2, -0.19];0;0.0031;0.31;-0.31;0.31
228;[-0.19, -0.18];0;0.0031;0.31;-0.31;0.31
229;[-0.18, -0.17];0;0.0031;0.31;-0.31;0.31
230;[-0.17, -0.16];0;0.0032;0.32;-0.32;0.32
231;[-0.16, -0.16];1;0.0032;0.32;0.68;1.48
232;[-0.16, -0.15];0;0.0032;0.32;-0.32;0.32
233;[-0.15, -0.14];0;0.0032;0.32;-0.32;0.32
234;[-0.14, -0.13];0;0.0032;0.32;-0.32;0.32
235;[-0.13, -0.12];0;0.0032;0.32;-0.32;0.32
236;[-0.12, -0.12];0;0.0032;0.32;-0.32;0.32
237;[-0.12, -0.11];0;0.0032;0.32;-0.32;0.32
238;[-0.11, -0.1];0;0.0032;0.32;-0.32;0.32
239;[-0.1, -0.09];0;0.0032;0.32;-0.32;0.32
240;[-0.09, -0.08];0;0.0032;0.32;-0.32;0.32
241;[-0.08, -0.08];0;0.0032;0.32;-0.32;0.32
242;[-0.08, -0.07];0;0.0032;0.32;-0.32;0.32
243;[-0.07, -0.06];0;0.0032;0.32;-0.32;0.32
244;[-0.06, -0.05];0;0.0032;0.32;-0.32;0.32
245;[-0.05, -0.04];0;0.0032;0.32;-0.32;0.32
246;[-0.04, -0.04];0;0.0032;0.32;-0.32;0.32
247;[-0.04, -0.03];0;0.0032;0.32;-0.32;0.32
248;[-0.03, -0.02];0;0.0032;0.32;-0.32;0.32
249;[-0.02, -0.01];1;0.0032;0.32;0.68;1.45
250;[-0.01, -0.0];0;0.0032;0.32;-0.32;0.32
251;[-0.0, 0.0];0;0.0032;0.32;-0.32;0.32
252;[0.0, 0.01];0;0.0032;0.32;-0.32;0.32
253;[0.01, 0.02];0;0.0032;0.32;-0.32;0.32
254;[0.02, 0.03];0;0.0032;0.32;-0.32;0.32
255;[0.03, 0.04];0;0.0032;0.32;-0.32;0.32
256;[0.04, 0.04];0;0.0032;0.32;-0.32;0.32
257;[0.04, 0.05];0;0.0032;0.32;-0.32;0.32
258;[0.05, 0.06];0;0.0032;0.32;-0.32;0.32
259;[0.06, 0.07];0;0.0032;0.32;-0.32;0.32
260;[0.07, 0.08];0;0.0032;0.32;-0.32;0.32
261;[0.08, 0.08];0;0.0032;0.32;-0.32;0.32
262;[0.08, 0.09];0;0.0032;0.32;-0.32;0.32
263;[0.09, 0.1];1;0.0032;0.32;0.68;1.46
264;[0.1, 0.11];0;0.0032;0.32;-0.32;0.32
265;[0.11, 0.12];1;0.0032;0.32;0.68;1.46
266;[0.12, 0.12];0;0.0032;0.32;-0.32;0.32
267;[0.12, 0.13];0;0.0032;0.32;-0.32;0.32
268;[0.13, 0.14];0;0.0032;0.32;-0.32;0.32
269;[0.14, 0.15];0;0.0032;0.32;-0.32;0.32
270;[0.15, 0.16];0;0.0032;0.32;-0.32;0.32
271;[0.16, 0.16];0;0.0032;0.32;-0.32;0.32
272;[0.16, 0.17];0;0.0032;0.32;-0.32;0.32
273;[0.17, 0.18];1;0.0031;0.31;0.69;1.49
274;[0.18, 0.19];0;0.0031;0.31;-0.31;0.31
275;[0.19, 0.2];0;0.0031;0.31;-0.31;0.31
276;[0.2, 0.2];0;0.0031;0.31;-0.31;0.31
277;[0.2, 0.21];1;0.0031;0.31;0.69;1.51
278;[0.21, 0.22];0;0.0031;0.31;-0.31;0.31
279;[0.22, 0.23];0;0.0031;0.31;-0.31;0.31
280;[0.23, 0.24];0;0.0031;0.31;-0.31;0.31
281;[0.24, 0.24];0;0.0031;0.31;-0.31;0.31
282;[0.24, 0.25];0;0.0031;0.31;-0.31;0.31
283;[0.25, 0.26];0;0.0031;0.31;-0.31;0.31
284;[0.26, 0.27];0;0.0031;0.31;-0.31;0.31
285;[0.27, 0.28];0;0.0031;0.31;-0.31;0.31
286;[0.28, 0.28];0;0.0031;0.31;-0.31;0.31
287;[0.28, 0.29];0;0.0031;0.31;-0.31;0.31
288;[0.29, 0.3];0;0.0031;0.31;-0.31;0.31
289;[0.3, 0.31];0;0.0031;0.31;-0.31;0.31
290;[0.31, 0.32];0;0.003;0.3;-0.3;0.3
291;[0.32, 0.32];0;0.003;0.3;-0.3;0.3
292;[0.32, 0.33];0;0.003;0.3;-0.3;0.3
293;[0.33, 0.34];0;0.003;0.3;-0.3;0.3
294;[0.34, 0.35];0;0.003;0.3;-0.3;0.3
295;[0.35, 0.36];0;0.003;0.3;-0.3;0.3
296;[0.36, 0.36];0;0.003;0.3;-0.3;0.3
297;[0.36, 0.37];1;0.003;0.3;0.7;1.65
298;[0.37, 0.38];0;0.003;0.3;-0.3;0.3
299;[0.38, 0.39];1;0.003;0.3;0.7;1.66
300;[0.39, 0.4];0;0.003;0.3;-0.3;0.3
301;[0.4, 0.4];0;0.003;0.3;-0.3;0.3
302;[0.4, 0.41];0;0.0029;0.29;-0.29;0.29
303;[0.41, 0.42];0;0.0029;0.29;-0.29;0.29
304;[0.42, 0.43];0;0.0029;0.29;-0.29;0.29
305;[0.43, 0.44];1;0.0029;0.29;0.71;1.73
306;[0.44, 0.44];1;0.0029;0.29;0.71;1.74
307;[0.44, 0.45];1;0.0029;0.29;0.71;1.75
308;[0.45, 0.46];1;0.0029;0.29;0.71;1.76
309;[0.46, 0.47];0;0.0029;0.29;-0.29;0.29
310;[0.47, 0.48];0;0.0029;0.29;-0.29;0.29
311;[0.48, 0.48];1;0.0028;0.28;0.72;1.8
312;[0.48, 0.49];0;0.0028;0.28;-0.28;0.28
313;[0.49, 0.5];0;0.0028;0.28;-0.28;0.28
314;[0.5, 0.51];1;0.0028;0.28;0.72;1.83
315;[0.51, 0.52];0;0.0028;0.28;-0.28;0.28
316;[0.52, 0.53];0;0.0028;0.28;-0.28;0.28
317;[0.53, 0.53];0;0.0028;0.28;-0.28;0.28
318;[0.53, 0.54];0;0.0028;0.28;-0.28;0.28
319;[0.54, 0.55];0;0.0028;0.28;-0.28;0.28
320;[0.55, 0.56];0;0.0027;0.27;-0.27;0.27
321;[0.56, 0.57];0;0.0027;0.27;-0.27;0.27
322;[0.57, 0.57];0;0.0027;0.27;-0.27;0.27
323;[0.57, 0.58];0;0.0027;0.27;-0.27;0.27
324;[0.58, 0.59];0;0.0027;0.27;-0.27;0.27
325;[0.59, 0.6];2;0.0027;0.27;1.73;11.18
326;[0.6, 0.61];0;0.0027;0.27;-0.27;0.27
327;[0.61, 0.61];0;0.0027;0.27;-0.27;0.27
328;[0.61, 0.62];0;0.0026;0.26;-0.26;0.26
329;[0.62, 0.63];0;0.0026;0.26;-0.26;0.26
330;[0.63, 0.64];0;0.0026;0.26;-0.26;0.26
331;[0.64, 0.65];1;0.0026;0.26;0.74;2.1
332;[0.65, 0.65];1;0.0026;0.26;0.74;2.12
333;[0.65, 0.66];0;0.0026;0.26;-0.26;0.26
334;[0.66, 0.67];0;0.0026;0.26;-0.26;0.26
335;[0.67, 0.68];0;0.0025;0.25;-0.25;0.25
336;[0.68, 0.69];0;0.0025;0.25;-0.25;0.25
337;[0.69, 0.69];0;0.0025;0.25;-0.25;0.25
338;[0.69, 0.7];0;0.0025;0.25;-0.25;0.25
339;[0.7, 0.71];0;0.0025;0.25;-0.25;0.25
340;[0.71, 0.72];0;0.0025;0.25;-0.25;0.25
341;[0.72, 0.73];0;0.0025;0.25;-0.25;0.25
342;[0.73, 0.73];0;0.0025;0.25;-0.25;0.25
343;[0.73, 0.74];0;0.0024;0.24;-0.24;0.24
344;[0.74, 0.75];0;0.0024;0.24;-0.24;0.24
345;[0.75, 0.76];0;0.0024;0.24;-0.24;0.24
346;[0.76, 0.77];0;0.0024;0.24;-0.24;0.24
347;[0.77, 0.77];0;0.0024;0.24;-0.24;0.24
348;[0.77, 0.78];0;0.0024;0.24;-0.24;0.24
349;[0.78, 0.79];0;0.0023;0.23;-0.23;0.23
350;[0.79, 0.8];0;0.0023;0.23;-0.23;0.23
351;[0.8, 0.81];0;0.0023;0.23;-0.23;0.23
352;[0.81, 0.81];0;0.0023;0.23;-0.23;0.23
353;[0.81, 0.82];0;0.0023;0.23;-0.23;0.23
354;[0.82, 0.83];1;0.0023;0.23;0.77;2.62
355;[0.83, 0.84];1;0.0023;0.23;0.77;2.65
356;[0.84, 0.85];2;0.0022;0.22;1.78;14.05
357;[0.85, 0.85];1;0.0022;0.22;0.78;2.71
358;[0.85, 0.86];0;0.0022;0.22;-0.22;0.22
359;[0.86, 0.87];0;0.0022;0.22;-0.22;0.22
360;[0.87, 0.88];0;0.0022;0.22;-0.22;0.22
361;[0.88, 0.89];0;0.0022;0.22;-0.22;0.22
362;[0.89, 0.89];0;0.0022;0.22;-0.22;0.22
363;[0.89, 0.9];0;0.0021;0.21;-0.21;0.21
364;[0.9, 0.91];0;0.0021;0.21;-0.21;0.21
365;[0.91, 0.92];0;0.0021;0.21;-0.21;0.21
366;[0.92, 0.93];0;0.0021;0.21;-0.21;0.21
367;[0.93, 0.93];1;0.0021;0.21;0.79;3.03
368;[0.93, 0.94];0;0.0021;0.21;-0.21;0.21
369;[0.94, 0.95];0;0.002;0.2;-0.2;0.2
370;[0.95, 0.96];0;0.002;0.2;-0.2;0.2
371;[0.96, 0.97];0;0.002;0.2;-0.2;0.2
372;[0.97, 0.97];0;0.002;0.2;-0.2;0.2
373;[0.97, 0.98];0;0.002;0.2;-0.2;0.2
374;[0.98, 0.99];0;0.002;0.2;-0.2;0.2
375;[0.99, 1.0];0;0.002;0.2;-0.2;0.2
376;[1.0, 1.01];0;0.0019;0.19;-0.19;0.19
377;[1.01, 1.01];0;0.0019;0.19;-0.19;0.19
378;[1.01, 1.02];0;0.0019;0.19;-0.19;0.19
379;[1.02, 1.03];0;0.0019;0.19;-0.19;0.19
380;[1.03, 1.04];0;0.0019;0.19;-0.19;0.19
381;[1.04, 1.05];0;0.0019;0.19;-0.19;0.19
382;[1.05, 1.05];0;0.0018;0.18;-0.18;0.18
383;[1.05, 1.06];0;0.0018;0.18;-0.18;0.18
384;[1.06, 1.07];1;0.0018;0.18;0.82;3.7
385;[1.07, 1.08];0;0.0018;0.18;-0.18;0.18
386;[1.08, 1.09];0;0.0018;0.18;-0.18;0.18
387;[1.09, 1.09];0;0.0018;0.18;-0.18;0.18
388;[1.09, 1.1];1;0.0017;0.17;0.83;3.89
389;[1.1, 1.11];0;0.0017;0.17;-0.17;0.17
390;[1.11, 1.12];0;0.0017;0.17;-0.17;0.17
391;[1.12, 1.13];0;0.0017;0.17;-0.17;0.17
392;[1.13, 1.13];0;0.0017;0.17;-0.17;0.17
393;[1.13, 1.14];0;0.0017;0.17;-0.17;0.17
394;[1.14, 1.15];0;0.0017;0.17;-0.17;0.17
395;[1.15, 1.16];1;0.0016;0.16;0.84;4.25
396;[1.16, 1.17];0;0.0016;0.16;-0.16;0.16
397;[1.17, 1.17];0;0.0016;0.16;-0.16;0.16
398;[1.17, 1.18];0;0.0016;0.16;-0.16;0.16
399;[1.18, 1.19];0;0.0016;0.16;-0.16;0.16
400;[1.19, 1.2];0;0.0016;0.16;-0.16;0.16
401;[1.2, 1.21];0;0.0016;0.16;-0.16;0.16
402;[1.21, 1.21];1;0.0015;0.15;0.85;4.66
403;[1.21, 1.22];0;0.0015;0.15;-0.15;0.15
404;[1.22, 1.23];1;0.0015;0.15;0.85;4.78
405;[1.23, 1.24];1;0.0015;0.15;0.85;4.85
406;[1.24, 1.25];0;0.0015;0.15;-0.15;0.15
407;[1.25, 1.25];0;0.0015;0.15;-0.15;0.15
408;[1.25, 1.26];0;0.0014;0.14;-0.14;0.14
409;[1.26, 1.27];0;0.0014;0.14;-0.14;0.14
410;[1.27, 1.28];0;0.0014;0.14;-0.14;0.14
411;[1.28, 1.29];0;0.0014;0.14;-0.14;0.14
412;[1.29, 1.29];1;0.0014;0.14;0.86;5.33
413;[1.29, 1.3];0;0.0014;0.14;-0.14;0.14
414;[1.3, 1.31];0;0.0014;0.14;-0.14;0.14
415;[1.31, 1.32];0;0.0013;0.13;-0.13;0.13
416;[1.32, 1.33];0;0.0013;0.13;-0.13;0.13
417;[1.33, 1.33];0;0.0013;0.13;-0.13;0.13
418;[1.33, 1.34];0;0.0013;0.13;-0.13;0.13
419;[1.34, 1.35];0;0.0013;0.13;-0.13;0.13
420;[1.35, 1.36];0;0.0013;0.13;-0.13;0.13
421;[1.36, 1.37];0;0.0013;0.13;-0.13;0.13
422;[1.37, 1.37];0;0.0012;0.12;-0.12;0.12
423;[1.37, 1.38];0;0.0012;0.12;-0.12;0.12
424;[1.38, 1.39];0;0.0012;0.12;-0.12;0.12
425;[1.39, 1.4];0;0.0012;0.12;-0.12;0.12
426;[1.4, 1.41];0;0.0012;0.12;-0.12;0.12
427;[1.41, 1.41];0;0.0012;0.12;-0.12;0.12
428;[1.41, 1.42];0;0.0012;0.12;-0.12;0.12
429;[1.42, 1.43];0;0.0012;0.12;-0.12;0.12
430;[1.43, 1.44];0;0.0011;0.11;-0.11;0.11
431;[1.44, 1.45];1;0.0011;0.11;0.89;6.97
432;[1.45, 1.45];0;0.0011;0.11;-0.11;0.11
433;[1.45, 1.46];1;0.0011;0.11;0.89;7.17
434;[1.46, 1.47];0;0.0011;0.11;-0.11;0.11
435;[1.47, 1.48];0;0.0011;0.11;-0.11;0.11
436;[1.48, 1.49];0;0.0011;0.11;-0.11;0.11
437;[1.49, 1.49];0;0.0011;0.11;-0.11;0.11
438;[1.49, 1.5];0;0.001;0.1;-0.1;0.1
439;[1.5, 1.51];0;0.001;0.1;-0.1;0.1
440;[1.51, 1.52];0;0.001;0.1;-0.1;0.1
441;[1.52, 1.53];0;0.001;0.1;-0.1;0.1
442;[1.53, 1.54];1;0.001;0.1;0.9;8.2
443;[1.54, 1.54];0;0.001;0.1;-0.1;0.1
444;[1.54, 1.55];0;0.001;0.1;-0.1;0.1
445;[1.55, 1.56];0;0.001;0.1;-0.1;0.1
446;[1.56, 1.57];1;0.0009;0.09;0.91;8.7
447;[1.57, 1.58];0;0.0009;0.09;-0.09;0.09
448;[1.58, 1.58];0;0.0009;0.09;-0.09;0.09
449;[1.58, 1.59];0;0.0009;0.09;-0.09;0.09
450;[1.59, 1.6];0;0.0009;0.09;-0.09;0.09
451;[1.6, 1.61];0;0.0009;0.09;-0.09;0.09
452;[1.61, 1.62];0;0.0009;0.09;-0.09;0.09
453;[1.62, 1.62];0;0.0009;0.09;-0.09;0.09
454;[1.62, 1.63];0;0.0009;0.09;-0.09;0.09
455;[1.63, 1.64];0;0.0008;0.08;-0.08;0.08
456;[1.64, 1.65];0;0.0008;0.08;-0.08;0.08
457;[1.65, 1.66];0;0.0008;0.08;-0.08;0.08
458;[1.66, 1.66];0;0.0008;0.08;-0.08;0.08
459;[1.66, 1.67];0;0.0008;0.08;-0.08;0.08
460;[1.67, 1.68];0;0.0008;0.08;-0.08;0.08
461;[1.68, 1.69];0;0.0008;0.08;-0.08;0.08
462;[1.69, 1.7];0;0.0008;0.08;-0.08;0.08
463;[1.7, 1.7];1;0.0008;0.08;0.92;11.33
464;[1.7, 1.71];0;0.0007;0.07;-0.07;0.07
465;[1.71, 1.72];0;0.0007;0.07;-0.07;0.07
466;[1.72, 1.73];0;0.0007;0.07;-0.07;0.07
467;[1.73, 1.74];0;0.0007;0.07;-0.07;0.07
468;[1.74, 1.74];0;0.0007;0.07;-0.07;0.07
469;[1.74, 1.75];0;0.0007;0.07;-0.07;0.07
470;[1.75, 1.76];0;0.0007;0.07;-0.07;0.07
471;[1.76, 1.77];0;0.0007;0.07;-0.07;0.07
472;[1.77, 1.78];0;0.0007;0.07;-0.07;0.07
473;[1.78, 1.78];1;0.0007;0.07;0.93;13.3
474;[1.78, 1.79];0;0.0006;0.06;-0.06;0.06
475;[1.79, 1.8];0;0.0006;0.06;-0.06;0.06
476;[1.8, 1.81];0;0.0006;0.06;-0.06;0.06
477;[1.81, 1.82];0;0.0006;0.06;-0.06;0.06
478;[1.82, 1.82];0;0.0006;0.06;-0.06;0.06
479;[1.82, 1.83];1;0.0006;0.06;0.94;14.67
480;[1.83, 1.84];0;0.0006;0.06;-0.06;0.06
481;[1.84, 1.85];0;0.0006;0.06;-0.06;0.06
482;[1.85, 1.86];0;0.0006;0.06;-0.06;0.06
483;[1.86, 1.86];0;0.0006;0.06;-0.06;0.06
484;[1.86, 1.87];1;0.0006;0.06;0.94;15.95
485;[1.87, 1.88];1;0.0006;0.06;0.94;16.22
486;[1.88, 1.89];0;0.0005;0.05;-0.05;0.05
487;[1.89, 1.9];0;0.0005;0.05;-0.05;0.05
488;[1.9, 1.9];0;0.0005;0.05;-0.05;0.05
489;[1.9, 1.91];1;0.0005;0.05;0.95;17.35
490;[1.91, 1.92];0;0.0005;0.05;-0.05;0.05
491;[1.92, 1.93];0;0.0005;0.05;-0.05;0.05
492;[1.93, 1.94];0;0.0005;0.05;-0.05;0.05
493;[1.94, 1.94];0;0.0005;0.05;-0.05;0.05
494;[1.94, 1.95];0;0.0005;0.05;-0.05;0.05
495;[1.95, 1.96];0;0.0005;0.05;-0.05;0.05
496;[1.96, 1.97];0;0.0005;0.05;-0.05;0.05
497;[1.97, 1.98];0;0.0005;0.05;-0.05;0.05
498;[1.98, 1.98];0;0.0005;0.05;-0.05;0.05
499;[1.98, 1.99];0;0.0004;0.04;-0.04;0.04
500;[1.99, 2.0];1;0.0004;0.04;0.96;20.96
501;[2.0, 'infity'];0;0.0228;2.28;-2.28;2.28
501;-;75;1.0;100.0;25.0;559.81
